101	0.1	0.7250000000000001
202	0.1	0.0
303	0.0	0.0
404	0.0	0.4
505	0.0	0.0
606	0.0	0.0
707	0.0	0.2
808	0.0	0.55
909	0.0	0.0
1010	0.0	0.0
1111	0.0	0.0
1212	0.0	0.7250000000000001
1313	0.0	0.0
1414	0.0	0.0
1515	0.1	0.0
1616	0.0	0.35000000000000003
1717	0.0	0.6000000000000001
1818	0.0	0.0
1919	0.0	0.0
2020	0.0	0.35000000000000003
2121	0.0	0.25
2222	0.0	0.0
2323	0.2	0.75833335
2424	0.0	0.2
2525	0.0	0.0
2626	0.0	0.0
2727	0.0	0.0
2828	0.0	0.2
2929	0.0	0.2
3030	0.0	0.0
3131	0.0	0.2
3232	0.0	0.25
3333	0.0	0.30000000000000004
3434	0.0	0.8333333500000001
3535	0.0	0.4
3636	0.0	0.0
3737	0.1	0.35000000000000003
3838	0.0	0.0
3939	0.0	0.4
4040	0.0	0.55
4141	0.0	0.4
4242	0.0	0.0
4343	0.0	0.0
4444	0.0	0.2
4545	0.0	0.35000000000000003
4646	0.0	0.30000000000000004
4747	0.0	0.0
4848	0.0	0.25
4949	0.0	0.2
5050	0.0	0.75
5151	0.0	0.0
5252	0.0	0.25
5353	0.0	0.7250000000000001
5454	0.1	0.35000000000000003
5555	0.0	0.35000000000000003
5656	0.0	0.4
5757	0.0	0.0
5858	0.0	0.4
5959	0.0	0.0
6060	0.0	0.0
6161	0.0	0.0
6262	0.0	0.0
6363	0.0	0.35000000000000003
6464	0.0	0.0
6565	0.0	0.35000000000000003
6666	0.0	0.0
6767	0.0	0.30000000000000004
6868	0.0	0.0
6969	0.0	0.30000000000000004
7070	0.0	0.25
7171	0.0	0.4
7272	0.0	0.0
7373	0.0	0.25
7474	0.0	1.0250000000000001
7575	0.0	0.2
7676	0.0	0.0
7777	0.0	0.0
7878	0.0	0.7000000000000001
7979	0.0	0.35000000000000003
8080	0.0	0.2
8181	0.0	0.35000000000000003
8282	0.1	0.35000000000000003
8383	0.0	0.0
8484	0.0	0.30000000000000004
8585	0.0	0.775
8686	0.0	0.6083333500000001
8787	0.0	0.0
8888	0.1	0.0
8989	0.0	0.0
9090	0.1	0.0
9191	0.0	0.0
9292	0.0	0.0
9393	0.0	0.0
9494	0.0	0.0
9595	0.0	0.0
9696	0.0	0.0
9797	0.0	0.0
9898	0.0	0.4
9999	0.0	0.4
10100	0.0	0.0
10201	0.1	0.0
10302	0.1	0.25
10403	0.0	0.55
10504	0.0	0.2
10605	0.0	0.675
10706	0.2	0.9083333500000002
10807	0.0	0.30000000000000004
10908	0.1	0.0
11009	0.0	0.2
11110	0.0	0.0
11211	0.0	0.4
11312	0.0	0.0
11413	0.0	0.0
11514	0.0	0.0
11615	0.0	0.0
11716	0.0	0.0
11817	0.1	0.0
11918	0.0	0.0
12019	0.0	0.30000000000000004
12120	0.0	0.35000000000000003
12221	0.0	0.5
12322	0.1	0.7000000000000001
12423	0.0	0.45
12524	0.1	0.30000000000000004
12625	0.0	0.4
12726	0.0	0.0
12827	0.0	0.8333333500000001
12928	0.0	0.0
13029	0.0	0.0
13130	0.0	0.25
13231	0.0	0.35000000000000003
13332	0.0	0.55
13433	0.0	0.35000000000000003
13534	0.0	0.75833335
13635	0.0	0.5
13736	0.0	0.0
13837	0.0	0.0
13938	0.0	0.2
14039	0.0	0.30000000000000004
14140	0.0	0.0
14241	0.0	0.0
14342	0.1	0.2
14443	0.0	0.0
14544	0.0	0.0
14645	0.0	0.0
14746	0	0.25
14847	0	0.05
14948	0	0
15049	0	0
15150	0	0
15251	0	0
15352	0	0
15453	0	0
15554	0	0
15655	0	0
15756	0	0
15857	0	0.05
15958	0	0
16059	0	0
16160	0	0.15000000000000002
16261	0	0
16362	0	0
16463	0	0
16564	0	0.35833335000000005
16665	0.0	0.0
16766	0.0	0.0
16867	0.0	0.0
16968	0.0	0.0
17069	0.0	0.0
17170	0.1	0.0
17271	0.0	0.0
17372	0.0	0.0
17473	0.0	0.0
17574	0.0	0.1
17675	0.0	0.0
17776	0.0	0
17877	0.0	0.0
17978	0.0	0.5583333500000001
18079	0.0	0.0
18180	0.0	0.0
18281	0.1	0.4
18382	0.0	4.09166635
18483	0.1	0.2
18584	0.0	0.0
18685	0.0	0.15000000000000002
18786	0.1	0.0
18887	0.0	0.0
18988	0.0	0.0
19089	0.0	0.0
19190	0.0	0.0
19291	0.0	0.0
19392	0.0	0.0
19493	0.0	0.1
19594	0.0	0.35000000000000003
19695	0.0	0.15000000000000002
19796	0.0	0.0
19897	0.1	0.0
19998	0.0	0.4
20099	0.0	0.0
20200	0.0	0.0
20301	0.0	0.0
20402	0.0	0.0
20503	0.0	0.8083333500000001
20604	0.0	0.0
20705	0.0	0.0
20806	0.0	0.0
20907	0.0	0.0
21008	0.0	0.0
21109	0.0	0.0
21210	0.0	0.0
21311	0.0	0.0
21412	0.0	0.0
21513	0.0	0.0
21614	0.0	0.0
21715	0.0	0.0
21816	0.0	0.0
21917	0.1	0.0
22018	0.0	0.25
22119	0.0	0.0
22220	0.0	0.05
22321	0.0	0.0
22422	0.0	0.15833335000000004
22523	0.0	0.05
22624	0.0	0.0
22725	0.0	0.2
22826	0.0	0.0
22927	0.0	0.0
23028	0.0	0.0
23129	0.0	0.0
23230	0.1	0.25
23331	0.0	0.25
23432	0.0	0.25
23533	0.07542399999999994	0.30000000000000004
23634	0.0	0.0
23735	0.0	0.05
23836	0.0	0.2
23937	0.0	0.15000000000000002
24038	0.0	0.0
24139	0.0	0.0
24240	0.0	0.0
24341	0.0	0.0
24442	0.0	0.2
24543	0.0	0.0
24644	0.0	0.0
24745	0.0	0.0
24846	0.1	0.8999997500000002
24947	0.0	0.0
25048	0.0	0.15000000000000002
25149	0.0	1.05833335
25250	0.0	0.0
25351	0.0	0.2
25452	0.0	0.4
25553	0.0	0.25
25654	0.0	0.4
25755	0.0	0.0
25856	0.0	0.0
25957	0.0	0.1
26058	0.0	0.15000000000000002
26159	0.1	0.05
26260	0.0	0.2
26361	0.0	0.0
26462	0.1	0.0
26563	0.0	0.0
26664	0.0	0.775
26765	0.0	0.0
26866	0.0	0.0
26967	0.0	0.0
27068	0.0	0.0
27169	0.0	0.35000000000000003
27270	0.0	0.0
27371	0.0	0.2
27472	0.0	0.2
27573	0.0	0.1
27674	0.0	0.0
27775	0.1	0.25
27876	0.0	0.2
27977	0.0	0.30000000000000004
28078	0.1	0.7083333500000001
28179	0.0	0.0
28280	0.0	0.35000000000000003
28381	0.0	0.2
28482	0.0	0.2
28583	0.1	0.4
28684	0.0	0.0
28785	0.0	0.0
28886	0.0	0.0
28987	0.0	0.1
29088	0.0	0.0
29189	0.0	0.45
29290	0.0	0.0
29391	0.0	0.05
29492	0.0	0.4
29593	0.0	0.0
29694	0.0	0.0
29795	0.0	4.116664500000002
29896	0.0	0.35000000000000003
29997	0.0	0.35000000000000003
30098	0.0	0.0
30199	0.0	0.0
30300	0.0	0.0
30401	0.0	0.0
30502	0.0	0
30603	0.0	0.0
30704	0.0	0.7000000000000001
30805	0.0	0.0
30906	0.0	0.25
31007	0.0	0.30000000000000004
31108	0.0	0.30000000000000004
31209	0.0	0.0
31310	0.0	0.0
31411	0.0	0.0
31512	0.0	0.25
31613	0.0	0.8
31714	0.0	0.2
31815	0.1	0.2
31916	0.0	0.3
32017	0.0	0.0
32118	0.0	0.0
32219	0.0	0.4
32320	0.0	0.0
32421	0.11398399999999996	0.25
32522	0.0	0.0
32623	0.0	0.45
32724	0.0	0.05
32825	0.0	0.0
32926	0.07542399999999994	0.0
33027	0.1	1.18333335
33128	0.0	0.30000000000000004
33229	0.1	0.35000000000000003
33330	0.0	0.0
33431	0.0	0.0
33532	0.0	0.0
33633	0.0	0.30000000000000004
33734	0.0	0.0
33835	0.0	0.0
33936	0.0	0.0
34037	0.0	0.42500000000000004
34138	0.0	0.55
34239	0.0	0.0
34340	0.0	0.25
34441	0.0	1.8499994000000006
34542	0.0	0.0
34643	0.0	0.0
34744	0.0	0.35000000000000003
34845	0.0	0.0
34946	0.0	0.43333335000000006
35047	0.1	0.0
35148	0.0	0.0
35249	0.0	0.0
